Webots Project File version R2020a
perspectives: 000000ff00000000fd000000030000000000000320000003aefc0100000002fb0000001e00480074006d006c0052006f0062006f007400570069006e0064006f00770000000000000003200000000000000000fb0000001a0044006f00630075006d0065006e0074006100740069006f006e0000000000ffffffff0000006900ffffff000000010000015b000002f9fc0200000001fb0000001400540065007800740045006400690074006f00720000000017000002f90000004100ffffff0000000300000690000000befc0100000001fb0000000e0043006f006e0073006f006c00650100000000000006900000006900ffffff00000690000002ee00000001000000020000000100000008fc00000000
simulationViewPerspectives: 000000ff000000010000000200000000000005310100000002010000000100
sceneTreePerspectives: 000000ff0000000100000002000000c0000000fa0100000002010000000200
minimizedPerspectives: 000000ff00000000fd000000030000000000000175000003ccfc0100000002fb0000001a0044006f00630075006d0065006e0074006100740069006f006e0100000000000001750000006900fffffffb0000001e00480074006d006c0052006f0062006f007400570069006e0064006f0077000000000000000175000000000000000000000001000001ec00000317fc0200000001fb0000001400540065007800740045006400690074006f00720000000017000003170000008700ffffff0000000300000609000000b3fc0100000002fb0000000e0043006f006e0073006f006c00650100000177000006090000006900fffffffb000000220052006f0062006f0074003a002000730075007000650072007600690073006f0072010000045a000003260000000000000000000006090000031700000001000000020000000100000008fc00000000
maximizedDockId: -1
centralWidgetVisible: 1
projectionMode: PERSPECTIVE
renderingMode: PLAIN
selectionDisabled: 0
viewpointLocked: 0
orthographicViewHeight: 1.36464
textFiles: -1
globalOptionalRendering: CoordinateSystem
renderingDevicePerspectives: SuperBot_v3:camera_top;1;1.50781;0;0.717801
renderingDevicePerspectives: SuperBot_v3:camera_front;1;1.50781;0;0
