Webots Project File version R2020a
perspectives: 000000ff00000000fd000000030000000000000320000003aefc0100000002fb0000001e00480074006d006c0052006f0062006f007400570069006e0064006f00770000000000000003200000000000000000fb0000001a0044006f00630075006d0065006e0074006100740069006f006e0000000000ffffffff0000006900ffffff000000010000015b000002b0fc0200000001fb0000001400540065007800740045006400690074006f0072010000001a000002b00000008700ffffff000000030000078000000136fc0100000001fb0000000e0043006f006e0073006f006c00650100000000000007800000006900ffffff00000623000002b000000001000000020000000100000008fc00000000
simulationViewPerspectives: 000000ff000000010000000200000219000003430100000002010000000100
sceneTreePerspectives: 000000ff0000000100000002000000c0000000fa0100000002010000000200
minimizedPerspectives: 000000ff00000000fd000000030000000000000175000003ccfc0100000002fb0000001a0044006f00630075006d0065006e0074006100740069006f006e0100000000000001750000006900fffffffb0000001e00480074006d006c0052006f0062006f007400570069006e0064006f0077000000000000000175000000000000000000000001000001ec00000317fc0200000001fb0000001400540065007800740045006400690074006f00720000000017000003170000008700ffffff0000000300000609000000b3fc0100000002fb0000000e0043006f006e0073006f006c00650100000177000006090000006900fffffffb000000220052006f0062006f0074003a002000730075007000650072007600690073006f0072010000045a000003260000000000000000000006090000031700000001000000020000000100000008fc00000000
maximizedDockId: -1
centralWidgetVisible: 1
selectionDisabled: 0
viewpointLocked: 0
orthographicViewHeight: 1
textFiles: 1 "libraries/youbot_control/src/base.c" "controllers/SuperBot_Controller_v3/SuperBot_Controller_v3.c"
globalOptionalRendering: CoordinateSystem::CameraFrustums
renderingDevicePerspectives: SuperBot_v3:camera_front;1;0.929688;0;0
renderingDevicePerspectives: SuperBot_v3:camera_top;1;0.929688;0;0.108816
